1 1336.36
2 1274.58
3 1168.04
4 1072.61
5 981.782
6 915.442
7 855.691
8 796.246
9 749.899
10 700.431
11 637.62
12 581.129
13 534.131
14 491.785
15 455.379
16 424.351
17 393.521
18 369.24
19 347.515
20 325.151
21 306.139
22 288.927
23 272.853
24 259.006
25 245.171
26 232.671
27 220.311
28 210.499
29 199.565
30 191.065
31 181.871
32 173.499
33 166.547
34 158.127
35 150.632
36 145.746
37 138.355
38 133.233
39 128.965
40 121.515
41 118.579
42 113.004
43 107.634
44 103.962
45 99.106
46 95.0263
47 92.3797
48 88.6059
49 85.6329
50 82.6982
51 78.9557
52 76.3544
53 72.3464
54 68.7532
55 65.284
56 62.0564
57 59.1777
58 56.2228
59 52.7636
60 49.2544
61 46.2061
62 43.4626
63 40.9756
64 37.7359
65 34.6266
66 32.078
67 30.2655
68 27.9643
69 26.1725
70 24.6577
71 22.9783
72 22.891
73 23.388
74 22.7816
75 24.1247
76 26.3249
77 28.0891
78 29.6142
79 32.0624
80 35.1994
81 37.2693
82 40.6202
83 43.359
84 45.9456
85 49.6185
86 52.4786
87 55.9464
88 58.7963
89 62.474
90 65.8483
91 68.3447
92 72
93 75.2662
94 78.3199
95 82.3225
96 86.2612
97 88.8426
98 90.923
99 90.923

