1152 1152
0 0
0 0
0 0
1664 3136
0 0
0 0
0 0
64 64
0 0
0 0
0 0
2624 192
0 0
0 0
0 0
2880 3328
0 0
0 0
0 0
192 64
0 0
0 0
0 0
2048 2752
0 0
0 0
0 0
2240 4480
0 0
0 0
0 0
192 0
0 0
0 0
0 0
2304 192
0 0
0 0
0 0
3008 1984
0 0
0 0
0 0
128 64
0 0
0 0
0 0
3008 4032
0 0
0 0
0 0
1344 2496
0 0
0 0
0 0
192 0
0 0
0 0
0 0
2112 256
0 0
0 0
0 0
1664 2560
0 0
0 0
0 0
256 128
0 0
0 0
0 0
2496 3392
0 0
0 0
0 0
2368 1792
0 0
0 0
0 0
320 64
0 0
0 0
0 0
1600 384
0 0
0 0
0 0
2176 3584
0 0
0 0
0 0
256 320
0 0
0 0
0 0
1792 2368
0 0
0 0
0 0
2304 2432
0 0
0 0
0 0
128 64
0 0
0 0
0 0
2368 256
0 0
0 0
0 0
2240 3648
0 0
0 0
0 0
128 320
0 0
0 0
0 0
1472 1472
0 0
0 0
0 0
1856 3456
0 0
0 0
0 0
192 0
0 0
0 0
0 0
2304 192
0 0
0 0
0 0
2688 1920
0 0
0 0
0 0
192 128
0 0
0 0
0 0
1408 2560
0 0
0 0
0 0
1728 3840
0 0
0 0
0 0
128 0
0 0
0 0
0 0
2112 64
0 0
0 0
0 0
3008 2496
0 0
0 0
0 0
320 192
0 0
0 0
0 0
1728 2560
0 0
0 0
0 0
1984 2880
0 0
0 0
0 0
256 128
0 0
0 0
0 0
1728 128
0 0
0 0
0 0
2560 3456
0 0
0 0
0 0
320 192
0 0
0 0
0 0
2240 3648
0 0
0 0
0 0
3328 1984
0 0
0 0
0 0
256 128
0 0
0 0
0 0
1472 384
0 0
0 0
0 0
1536 2752
0 0
0 0
0 0
256 192
0 0
0 0
0 0
1408 2048
0 0
0 0
0 0
2048 2368
0 0
0 0
0 0
256 64
0 0
0 0
0 0
2752 320
0 0
0 0
0 0
1984 3904
0 0
0 0
0 0
704 64
0 0
0 0
0 0
1408 1984
0 0
0 0
0 0
2048 3840
0 0
0 0
0 0
128 128
0 0
0 0
0 0
2752 448
0 0
0 0
0 0
3072 2816
0 0
0 0
0 0
256 384
0 0
0 0
0 0
2432 2944
0 0
0 0
0 0
1920 3520
0 0
0 0
0 0
128 0
0 0
0 0
0 0
1664 320
0 0
0 0
0 0
3520 2624
0 0
0 0
0 0
64 64
0 0
0 0
0 0
2368 3264
0 0
0 0
0 0
1472 2560
0 0
0 0
0 0
512 0
0 0
0 0
0 0
1792 384
0 0
0 0
0 0
1920 2688
0 0
0 0
0 0
384 192
0 0
0 0
0 0
2560 3776
0 0
0 0
0 0
3136 2432
0 0
0 0
0 0
576 256
0 0
0 0
0 0
1856 192
0 0
0 0
0 0
1984 3648
0 0
0 0
0 0
192 192
0 0
0 0
0 0
1408 1792
0 0
0 0
0 0
2880 3136
0 0
0 0
0 0
512 64
0 0
0 0
0 0
1920 576
0 0
0 0
0 0
1856 2816
0 0
0 0
0 0
192 0
0 0
0 0
0 0
1920 2240
0 0
0 0
0 0
1920 3712
0 0
0 0
0 0
192 0
0 0
0 0
0 0
2368 192
0 0
0 0
0 0
3200 2624
0 0
0 0
0 0
256 192
0 0
0 0
0 0
1344 2688
0 0
0 0
0 0
1984 4224
0 0
0 0
0 0
384 128
0 0
0 0
0 0
2176 320
0 0
0 0
0 0
3264 2176
0 0
0 0
0 0
256 384
0 0
0 0
0 0
2816 3648
0 0
0 0
0 0
1728 2880
0 0
0 0
0 0
256 192
0 0
0 0
0 0
1728 320
0 0
0 0
0 0
2048 2368
0 0
0 0
0 0
384 384
0 0
0 0
0 0
1856 2496
0 0
0 0
0 0
2304 1856
0 0
0 0
0 0
640 128
0 0
0 0
0 0
1024 448
0 0
0 0
0 0
1920 2944
0 0
0 0
0 0
512 64
0 0
0 0
0 0
1792 2624
0 0
0 0
0 0
2624 2432
0 0
0 0
0 0
192 128
0 0
0 0
0 0
1728 320
0 0
0 0
0 0
1600 2624
0 0
0 0
0 0
192 128
0 0
0 0
0 0
1792 1984
0 0
0 0
0 0
1664 3456
0 0
0 0
0 0
320 192
0 0
0 0
0 0
2368 576
0 0
0 0
0 0
2432 2048
0 0
0 0
0 0
320 192
0 0
0 0
0 0
960 1472
0 0
0 0
0 0
2176 3520
0 0
0 0
0 0
192 384
0 0
0 0
0 0
1344 128
0 0
0 0
0 0
2240 1536
0 0
0 0
0 0
128 128
0 0
0 0
0 0
1472 1856
0 0
0 0
0 0
1536 2432
0 0
0 0
0 0
320 256
0 0
0 0
0 0
1408 256
0 0
0 0
0 0
768 1216
0 0
0 0
0 0
256 192
0 0
0 0
0 0
1344 2112
0 0
0 0
0 0
1920 1088
0 0
0 0
0 0
64 192
0 0
0 0
0 0
1600 192
0 0
0 0
0 0
1280 2816
0 0
0 0
0 0
384 128
0 0
0 0
0 0
960 1728
0 0
0 0
0 0
1856 1536
0 0
0 0
0 0
192 128
0 0
0 0
0 0
1408 576
0 0
0 0
0 0
1280 1856
0 0
0 0
0 0
128 128
0 0
0 0
0 0
448 384
0 0
0 0
0 0
960 1920
0 0
0 0
0 0
448 64
0 0
0 0
0 0
1216 320
0 0
0 0
0 0
2112 1728
0 0
0 0
0 0
256 128
0 0
0 0
0 0
832 1600
0 0
0 0
0 0
1024 2048
0 0
0 0
0 0
128 64
0 0
0 0
0 0
1024 128
0 0
0 0
0 0
1536 1024
0 0
0 0
0 0
128 128
0 0
0 0
0 0
1152 1600
0 0
0 0
0 0
1024 1920
0 0
0 0
0 0
256 128
0 0
0 0
0 0
1024 128
0 0
0 0
0 0
960 1216
0 0
0 0
0 0
448 192
0 0
0 0
0 0
1280 1856
0 0
0 0
0 0
1536 1280
0 0
0 0
0 0
256 256
0 0
0 0
0 0
896 320
0 0
0 0
0 0
1024 1536
0 0
0 0
0 0
320 128
0 0
0 0
0 0
896 1600
0 0
0 0
0 0
1472 832
0 0
0 0
0 0
0 64
0 0
0 0
0 0
512 0
0 0
0 0
0 0
576 1024
0 0
0 0
0 0
192 320
0 0
0 0
0 0
768 704
0 0
0 0
0 0
768 1728
0 0
0 0
0 0
192 0
0 0
0 0
0 0
1216 128
0 0
0 0
0 0
640 704
0 0
0 0
0 0
0 64
0 0
0 0
0 0
768 1088
0 0
0 0
0 0
896 1280
0 0
0 0
0 0
256 192
0 0
0 0
0 0
512 256
0 0
0 0
0 0
1216 768
0 0
0 0
0 0
384 128
0 0
0 0
0 0
1152 1664
0 0
0 0
0 0
832 960
0 0
0 0
0 0
64 64
0 0
0 0
0 0
512 64
0 0
0 0
0 0
448 768
0 0
0 0
0 0
256 192
0 0
0 0
0 0
960 1280
0 0
0 0
0 0
1088 960
0 0
0 0
0 0
192 0
0 0
0 0
0 0
384 64
0 0
0 0
0 0
512 896
0 0
0 0
0 0
64 0
0 0
0 0
0 0
512 576
0 0
0 0
0 0
384 384
0 0
0 0
0 0
64 128
0 0
0 0
0 0
256 192
0 0
0 0
0 0
640 640
0 0
0 0
0 0
64 0
0 0
0 0
0 0
320 320
0 0
0 0
0 0
512 768
0 0
0 0
0 0
64 64
0 0
0 0
0 0
384 128
0 0
0 0
0 0
896 832
0 0
0 0
0 0
128 128
0 0
0 0
0 0
128 256
0 0
0 0
0 0
256 640
0 0
0 0
0 0
256 192
0 0
0 0
0 0
320 256
0 0
0 0
0 0
576 192
0 0
0 0
0 0
0 128
0 0
0 0
0 0
256 192
0 0
0 0
0 0
128 256
0 0
0 0
0 0
128 64
0 0
0 0
0 0
256 0
0 0
0 0
0 0
128 384
0 0
0 0
0 0
128 192
0 0
0 0
0 0
256 320
0 0
0 0
0 0
192 64
0 0
0 0
0 0
128 0
0 0
0 0
0 0
128 256
0 0
0 0
0 0
64 128
0 0
0 0
0 0
192 256
0 0
0 0
0 0
128 128
0 0
0 0
0 0
256 128
0 0
0 0
0 0
64 128
0 0
0 0
0 0
64 64
0 0
0 0
0 0
192 64
0 0
0 0
0 0
0 64
0 0
0 0
0 0
0 64
0 0
0 0
0 0
192 64
0 0
0 0
0 0
64 128
0 0
0 0
0 0
0 64
0 0
0 0
0 0
128 0
0 0
0 0
0 0
0 0
0 0
0 0
0 0
0 0
0 0
0 0
0 0
0 64
0 0
0 0
0 0
64 0
0 0
0 0
0 0
0 0
0 0
0 0
0 0
128 0
0 0
0 0
0 0
0 0
0 0
0 0
0 0
0 128
